2
1 1
0 1
23 42
1
5
1
3
1 -2 0
2 -4 0
1 -2 1
3 6 4
3
1 1 0
3 3 0
0 1 2
1 4 8
3
0 2 1
2 6 1
1 1 4
2 7 3
3
1 0 0
1 0 0
1 0 0
1 1 1
3
1 1 0
1 1 0
1 1 0
1 1 1
3
1 0 0
0 0 0
0 0 1
1 0 1
4
1 0 0 0
0 1 0 0
0 0 1 0
0 0 0 1
1 1 1 1
5
1 0 0 0 1
0 0 0 0 0
0 0 0 0 0
0 0 0 0 0
1 0 0 0 1
1 0 0 0 1
3
0 0 0
0 0 0
0 0 1
0 0 1
4
0 0 0 0
0 1 0 0
0 0 0 0
0 0 0 0
0 1 0 0
3
1 0 0 
0 0 0
0 0 0 
0 0 0
3
0 0 0
0 0 0
0 0 0
0 0 0
1
0
0
5
1 0 0 0 0
0 0 1 0 0
0 1 0 0 0
0 0 0 0 0
0 0 0 0 1
1 1 1 0 1
5
1 0 0 0 0
0 0 1 0 0
0 0 0 0 0
0 0 0 0 0
0 0 0 0 1
1 1 0 0 1
0
